HIP104045/HIP104045_activity_indicators
# %ECSV 1.0
# ---
# delimiter: ','
# datatype:
# -
#   name: name
#   datatype: string
# -
#   name: time
#   datatype: float64
# -
#   name: mnvel
#   datatype: float64
# -
#   name: errvel
#   datatype: float64
# -
#   name: bis
#   datatype: float64
# -
#   name: fwhm
#   datatype: float64
# -
#   name: svalue
#   datatype: float32
# -
#   name: s_err
#   datatype: float32
# -
#   name: sk
#   datatype: float32
# -
#   name: sk_err
#   datatype: float32
# -
#   name: sh
#   datatype: float32
# -
#   name: sh_err
#   datatype: float32
# -
#   name: halpha
#   datatype: float32
# -
#   name: halpha_err
#   datatype: float32
# -
#   name: hbeta
#   datatype: float32
# -
#   name: hbeta_err
#   datatype: float32
# -
#   name: hgamma
#   datatype: float32
# -
#   name: hgamma_err
#   datatype: float32
# -
#   name: hdelta
#   datatype: float32
# -
#   name: hdelta_err
#   datatype: float32
# -
#   name: hepsilon
#   datatype: float32
# -
#   name: hepsilon_err
#   datatype: float32
# -
#   name: na_d1
#   datatype: float32
# -
#   name: na_d1_err
#   datatype: float32
# -
#   name: na_d2
#   datatype: float32
# -
#   name: na_d2_err
#   datatype: float32
# -
#   name: snr
#   datatype: float32
# meta:
#   name: /home/thiago/Downloads/GIULIA_activity_data_classic_single_index_cycle.csv
name,time,mnvel,errvel,bis,fwhm,svalue,s_err,sk,sk_err,sh,sh_err,halpha,halpha_err,hbeta,hbeta_err,hgamma,hgamma_err,hdelta,hdelta_err,hepsilon,hepsilon_err,na_d1,na_d1_err,na_d2,na_d2_err,snr
HIP104045,6855.776988349855,45.5554011741774,9.48040646052109E-4,-0.0220293884460716,7.23988352937062,0.11782,1.5E-4,0.05171,1.0E-4,0.06611,1.0E-4,0.11872,7.0E-5,0.16475,1.2E-4,0.17644,2.7E-4,0.16731,6.4E-4,0.14264,5.5E-4,0.14228,2.3E-4,0.16725,2.7E-4,38.1
HIP104045,7587.768871069886,45.5598053466756,7.60046709693084E-4,-0.0101547565810236,7.25594688794612,0.11622,1.4E-4,0.04887,1.0E-4,0.06735,1.1E-4,0.11922,7.0E-5,0.16635,1.2E-4,0.17852,2.7E-4,0.16508,6.3E-4,0.14497,5.6E-4,0.14286,2.3E-4,0.17033,2.8E-4,45.7
HIP104045,8442.529788570013,45.5540957309908,0.001966442034679,-0.00602486998703,7.26629441904311,0.1237,1.5E-4,0.05778,1.1E-4,0.06593,1.0E-4,0.11806,7.0E-5,0.16625,1.2E-4,0.17662,2.7E-4,0.16674,6.4E-4,0.14501,5.6E-4,0.13847,2.3E-4,0.17274,2.8E-4,16.0
HIP104045,6853.838997629937,45.5601721839469,0.00128974795665505,-0.02320278123252,7.23387343696554,0.11569,1.4E-4,0.04736,9.0E-5,0.06833,1.1E-4,0.11917,7.0E-5,0.16535,1.2E-4,0.17686,2.7E-4,0.166,6.3E-4,0.14587,5.6E-4,0.14194,2.3E-4,0.16744,2.7E-4,27.0
HIP104045,8050.582818809897,45.5605992315432,6.14610317098665E-4,-0.00738911121226948,7.25562282741095,0.12731,1.6E-4,0.06,1.2E-4,0.06731,1.1E-4,0.11875,7.0E-5,0.16534,1.2E-4,0.17675,2.7E-4,0.1658,6.3E-4,0.14688,5.7E-4,0.14113,2.3E-4,0.17157,2.8E-4,47.2
HIP104045,6490.740046579856,45.551260515046,7.88504379881534E-4,-0.0239876746111136,7.23664692273148,0.11959,1.5E-4,0.05443,1.1E-4,0.06515,1.0E-4,0.11862,7.0E-5,0.16611,1.2E-4,0.17895,2.7E-4,0.16865,6.4E-4,0.14392,5.5E-4,0.14187,2.3E-4,0.16888,2.8E-4,44.9
HIP104045,8045.547014229931,45.562915565311,6.48376099964321E-4,-0.0101463520973866,7.25542301352746,0.11587,1.4E-4,0.04926,1.0E-4,0.06661,1.0E-4,0.11932,7.0E-5,0.16569,1.2E-4,0.17692,2.7E-4,0.16642,6.3E-4,0.14534,5.6E-4,0.14184,2.3E-4,0.17075,2.8E-4,48.8
HIP104045,6558.625481079798,45.5555474118613,7.58988839290757E-4,-0.0245221019845516,7.24037750989857,0.12248,1.5E-4,0.05487,1.1E-4,0.06761,1.1E-4,0.11956,7.0E-5,0.16475,1.2E-4,0.17623,2.7E-4,0.16829,6.4E-4,0.14407,5.5E-4,0.14252,2.3E-4,0.16952,2.8E-4,46.9
HIP104045,5851.572561770212,45.5407875840372,6.09242069195206E-4,-0.0240770322300889,7.23365459963266,0.11498,1.4E-4,0.05019,1.0E-4,0.06479,1.0E-4,0.11917,7.0E-5,0.16541,1.2E-4,0.17711,2.7E-4,0.16813,6.4E-4,0.1439,5.5E-4,0.14052,2.3E-4,0.16935,2.8E-4,57.4
HIP104045,6906.614435660187,45.55785451608,0.00160145811716849,-0.0169789372250904,7.24085214868614,0.12017,1.5E-4,0.04846,1.0E-4,0.07171,1.1E-4,0.11847,7.0E-5,0.16612,1.2E-4,0.17806,2.7E-4,0.17351,6.6E-4,0.14988,5.8E-4,0.14125,2.3E-4,0.1684,2.8E-4,22.4
HIP104045,7283.618461559992,45.5722280604986,7.07389824566542E-4,-0.0121810367829411,7.25127720431582,0.11927,1.5E-4,0.05218,1.0E-4,0.0671,1.1E-4,0.11956,7.0E-5,0.16626,1.2E-4,0.18176,2.8E-4,0.16786,6.4E-4,0.14638,5.6E-4,0.1437,2.4E-4,0.17209,2.8E-4,50.1
HIP104045,7498.879022730049,45.5616877858802,7.99266040269708E-4,-0.0116100305768612,7.25612351024817,0.11793,1.5E-4,0.05181,1.0E-4,0.06612,1.0E-4,0.11849,7.0E-5,0.16628,1.2E-4,0.17894,2.7E-4,0.16519,6.3E-4,0.1462,5.6E-4,0.13721,2.3E-4,0.16794,2.8E-4,43.8
HIP104045,3951.7456363597885,45.5527148412186,0.00223880727343208,-0.0220410106724174,7.23692628830699,0.13139,1.7E-4,0.06556,1.3E-4,0.06582,1.0E-4,0.11746,7.0E-5,0.16458,1.2E-4,0.17591,2.7E-4,0.16674,6.4E-4,0.14346,5.5E-4,0.14163,2.3E-4,0.16824,2.8E-4,16.1
HIP104045,5850.573669699952,45.540446015351,6.90980928405198E-4,-0.0207726857691313,7.24290009483693,0.11716,1.4E-4,0.05178,1.0E-4,0.06538,1.0E-4,0.11916,7.0E-5,0.16584,1.2E-4,0.17595,2.7E-4,0.16745,6.4E-4,0.14332,5.5E-4,0.14119,2.3E-4,0.16907,2.8E-4,50.6
HIP104045,6487.743784979917,45.5464291967424,6.70871245715042E-4,-0.0208088942135802,7.23669869544764,0.11971,1.5E-4,0.05334,1.0E-4,0.06636,1.0E-4,0.11849,7.0E-5,0.16518,1.2E-4,0.17705,2.7E-4,0.16853,6.4E-4,0.1429,5.5E-4,0.14242,2.3E-4,0.16767,2.8E-4,53.6
HIP104045,8047.538069080096,45.5635418507814,5.80494199383867E-4,-0.00929715613239779,7.25447192404167,0.11866,1.5E-4,0.05168,1.0E-4,0.06698,1.1E-4,0.11898,7.0E-5,0.16587,1.2E-4,0.17656,2.7E-4,0.16608,6.3E-4,0.144,5.5E-4,0.14118,2.3E-4,0.17076,2.8E-4,56.9
HIP104045,6582.628703590017,45.5586264236297,7.18386531252053E-4,-0.0225735664152396,7.24748760934618,0.11931,1.5E-4,0.05186,1.0E-4,0.06745,1.1E-4,0.11886,7.0E-5,0.1652,1.2E-4,0.17582,2.7E-4,0.1682,6.4E-4,0.14168,5.5E-4,0.14179,2.3E-4,0.1702,2.8E-4,44.6
HIP104045,5846.579934129957,45.5427653448064,0.00111343265227694,-0.0197849322528896,7.23294853184048,0.1161,1.4E-4,0.05011,1.0E-4,0.06599,1.0E-4,0.11908,7.0E-5,0.16594,1.2E-4,0.17801,2.7E-4,0.16704,6.4E-4,0.14317,5.5E-4,0.14184,2.3E-4,0.16938,2.8E-4,30.8
HIP104045,6851.76415529009,45.5544981545664,7.41571131082413E-4,-0.0229815729948726,7.23920020147585,0.12019,1.5E-4,0.05456,1.1E-4,0.06563,1.0E-4,0.11881,7.0E-5,0.16595,1.2E-4,0.17748,2.7E-4,0.16707,6.4E-4,0.14561,5.6E-4,0.14227,2.3E-4,0.1689,2.8E-4,47.4
HIP104045,6557.644423690159,45.5528205054172,0.00289859522655811,-0.0269361637719285,7.2421021692817,0.14558,1.8E-4,0.06862,1.3E-4,0.07695,1.2E-4,0.11957,7.0E-5,0.16502,1.2E-4,0.17349,2.6E-4,0.17122,6.5E-4,0.15106,5.8E-4,0.14426,2.4E-4,0.16955,2.8E-4,12.5
HIP104045,6965.516341620125,45.5579270444893,6.01927430926414E-4,-0.0235240196566195,7.24084019570946,0.11877,1.5E-4,0.05121,1.0E-4,0.06757,1.1E-4,0.11817,7.0E-5,0.16534,1.2E-4,0.17676,2.7E-4,0.16857,6.4E-4,0.14391,5.5E-4,0.13808,2.3E-4,0.16942,2.8E-4,58.4
HIP104045,6488.779833460227,45.546006071893,8.18198919736099E-4,-0.0220033962132504,7.23651938082784,0.12016,1.5E-4,0.05413,1.1E-4,0.06602,1.0E-4,0.11863,7.0E-5,0.16511,1.2E-4,0.17647,2.7E-4,0.16914,6.5E-4,0.14645,5.6E-4,0.14147,2.3E-4,0.16747,2.7E-4,42.3
HIP104045,6856.766503190156,45.5554114134848,8.91689800401042E-4,-0.0256004147491566,7.2440194642421,0.11866,1.5E-4,0.0532,1.0E-4,0.06546,1.0E-4,0.11887,7.0E-5,0.16579,1.2E-4,0.17612,2.7E-4,0.16841,6.4E-4,0.1443,5.6E-4,0.14209,2.3E-4,0.16783,2.8E-4,39.9
HIP104045,6850.79411322996,45.560485352985,8.83613248621372E-4,-0.0199913633032907,7.23419118811341,0.11733,1.4E-4,0.05031,1.0E-4,0.06702,1.1E-4,0.11971,7.0E-5,0.16594,1.2E-4,0.17639,2.7E-4,0.16765,6.4E-4,0.14459,5.6E-4,0.14215,2.3E-4,0.1697,2.8E-4,40.6
HIP104045,7588.793951909989,45.5627519689195,6.18162653669333E-4,-0.0109195871631016,7.25485942607547,0.11843,1.5E-4,0.05114,1.0E-4,0.06729,1.1E-4,0.11901,7.0E-5,0.1665,1.2E-4,0.17864,2.7E-4,0.16698,6.4E-4,0.14594,5.6E-4,0.14371,2.4E-4,0.16799,2.8E-4,53.7
HIP104045,7232.725806740113,45.5726375566249,8.13139795297345E-4,-0.00927821337476331,7.25364671428626,0.11881,1.5E-4,0.05028,1.0E-4,0.06852,1.1E-4,0.1198,7.0E-5,0.1666,1.2E-4,0.18189,2.8E-4,0.16627,6.3E-4,0.1453,5.6E-4,0.14281,2.3E-4,0.17023,2.8E-4,38.7
HIP104045,6484.795799400192,45.5441094888547,0.00120434962657802,-0.0286334434440931,7.23386443067616,0.12006,1.5E-4,0.05158,1.0E-4,0.06848,1.1E-4,0.1188,7.0E-5,0.16482,1.2E-4,0.17637,2.7E-4,0.16388,6.3E-4,0.14242,5.5E-4,0.14278,2.3E-4,0.16896,2.8E-4,29.5
HIP104045,6560.6314203199,45.5539022897425,7.02272854284788E-4,-0.0189852201306095,7.23666520942014,0.12104,1.5E-4,0.05449,1.1E-4,0.06654,1.0E-4,0.11857,7.0E-5,0.16489,1.2E-4,0.17738,2.7E-4,0.16811,6.4E-4,0.1467,5.6E-4,0.14238,2.3E-4,0.16876,2.8E-4,51.2
HIP104045,6763.904826070182,45.5528226927814,6.46640958733815E-4,-0.0233579216301933,7.24830625698078,0.11852,1.5E-4,0.05264,1.0E-4,0.06588,1.0E-4,0.11842,7.0E-5,0.16566,1.2E-4,0.17625,2.7E-4,0.167,6.4E-4,0.14351,5.5E-4,0.14009,2.3E-4,0.16782,2.8E-4,51.1
HIP104045,7284.631073459983,45.5710221848004,8.37127848320392E-4,-0.0126196261027047,7.25317485566572,0.11945,1.5E-4,0.05089,1.0E-4,0.06856,1.1E-4,0.11932,7.0E-5,0.1663,1.2E-4,0.18165,2.8E-4,0.17017,6.5E-4,0.14555,5.6E-4,0.14367,2.4E-4,0.17089,2.8E-4,40.3
HIP104045,6904.624126260169,45.5560621972473,7.86045762729876E-4,-0.0221377874020732,7.24219497940601,0.11902,1.5E-4,0.05302,1.0E-4,0.066,1.0E-4,0.11868,7.0E-5,0.16569,1.2E-4,0.17664,2.7E-4,0.16746,6.4E-4,0.14296,5.5E-4,0.14226,2.3E-4,0.16818,2.8E-4,45.0
HIP104045,6485.774361399934,45.5444843953374,9.72801347137954E-4,-0.0214406194885655,7.2465313871459,0.12201,1.5E-4,0.05553,1.1E-4,0.06648,1.0E-4,0.11857,7.0E-5,0.16593,1.2E-4,0.1768,2.7E-4,0.16715,6.4E-4,0.14338,5.5E-4,0.14183,2.3E-4,0.16847,2.8E-4,36.8
HIP104045,7664.639618920162,45.5617553180757,6.57536090367669E-4,-0.0131974761670364,7.25893396602153,0.11852,1.5E-4,0.05065,1.0E-4,0.06787,1.1E-4,0.11918,7.0E-5,0.16641,1.2E-4,0.17807,2.7E-4,0.16776,6.4E-4,0.14523,5.6E-4,0.14207,2.3E-4,0.17144,2.8E-4,49.6
HIP104045,6854.864627790172,45.5595120835399,0.00115773424772755,-0.022941788778887,7.24427645743958,0.11275,1.4E-4,0.04825,9.0E-5,0.0645,1.0E-4,0.11756,7.0E-5,0.16546,1.2E-4,0.1741,2.6E-4,0.16769,6.4E-4,0.14627,5.6E-4,0.14251,2.3E-4,0.16559,2.7E-4,29.5
HIP104045,6489.732682759874,45.5537261573161,8.26108475238245E-4,-0.0249221026632043,7.24075962685174,0.11986,1.5E-4,0.0527,1.0E-4,0.06716,1.1E-4,0.1194,7.0E-5,0.1648,1.2E-4,0.17578,2.7E-4,0.16732,6.4E-4,0.14113,5.4E-4,0.14249,2.3E-4,0.16853,2.8E-4,42.7
HIP104045,8046.538809659891,45.5654143544604,5.59648717943144E-4,-0.00932118149794547,7.25613807103409,0.11844,1.5E-4,0.05064,1.0E-4,0.0678,1.1E-4,0.11932,7.0E-5,0.16533,1.2E-4,0.17675,2.7E-4,0.16689,6.4E-4,0.14509,5.6E-4,0.14173,2.3E-4,0.17108,2.8E-4,56.6
HIP104045,7226.762670100201,45.571174849299,6.595907906317E-4,-0.0105360155142975,7.25343394430352,0.11674,1.4E-4,0.0496,1.0E-4,0.06714,1.1E-4,0.11901,7.0E-5,0.16613,1.2E-4,0.1827,2.8E-4,0.16692,6.4E-4,0.143,5.5E-4,0.14377,2.4E-4,0.16813,2.8E-4,50.6
HIP104045,6907.628730829805,45.5548405889004,9.79027630135379E-4,-0.0221073517736841,7.23936258614692,0.12561,1.6E-4,0.05665,1.1E-4,0.06896,1.1E-4,0.11943,7.0E-5,0.16683,1.2E-4,0.17617,2.7E-4,0.16876,6.4E-4,0.14351,5.5E-4,0.14435,2.4E-4,0.17055,2.8E-4,36.4
HIP104045,5852.565805519931,45.5426163187143,9.23254739436208E-4,-0.0188621040123351,7.24072462718611,0.11864,1.5E-4,0.05493,1.1E-4,0.06371,1.0E-4,0.11806,7.0E-5,0.1646,1.2E-4,0.17619,2.7E-4,0.16403,6.3E-4,0.14484,5.6E-4,0.14026,2.3E-4,0.16894,2.8E-4,38.4
HIP104045,6162.648458819836,45.5513166910016,0.00169324222770954,-0.0200705491271265,7.24572689554015,0.12713,1.6E-4,0.05593,1.1E-4,0.0712,1.1E-4,0.1177,7.0E-5,0.1651,1.2E-4,0.17923,2.7E-4,0.16427,6.3E-4,0.14762,5.7E-4,0.14376,2.4E-4,0.16778,2.8E-4,21.4
HIP104045,8329.81066437997,45.5601137572343,6.3585926910368E-4,-0.00856678683644674,7.25734280413217,0.12304,1.5E-4,0.05378,1.1E-4,0.06927,1.1E-4,0.11934,7.0E-5,0.16564,1.2E-4,0.17657,2.7E-4,0.16667,6.4E-4,0.14729,5.7E-4,0.14291,2.3E-4,0.17034,2.8E-4,51.6
HIP104045,6165.696772689931,45.5499576929988,8.10571076354493E-4,-0.0185186249209863,7.23393712347736,0.12199,1.5E-4,0.05514,1.1E-4,0.06685,1.1E-4,0.11924,7.0E-5,0.16497,1.2E-4,0.17619,2.7E-4,0.16709,6.4E-4,0.14404,5.5E-4,0.14156,2.3E-4,0.16901,2.8E-4,45.2
HIP104045,6559.637576839887,45.5549748357513,9.29317214583726E-4,-0.0186714142423341,7.24351365490898,0.12233,1.5E-4,0.05353,1.1E-4,0.0688,1.1E-4,0.11947,7.0E-5,0.16482,1.2E-4,0.17664,2.7E-4,0.16822,6.4E-4,0.14615,5.6E-4,0.14163,2.3E-4,0.16843,2.8E-4,38.4
HIP104045,3945.7571890698746,45.5488717573388,0.00139822525604335,-0.0179706193724911,7.2316310050617,0.11833,1.5E-4,0.05347,1.1E-4,0.06485,1.0E-4,0.12018,7.0E-5,0.16508,1.2E-4,0.17942,2.7E-4,0.16945,6.5E-4,0.14281,5.5E-4,0.14253,2.3E-4,0.16967,2.8E-4,26.1
HIP104045,6486.752968320157,45.542174606562,6.65979532504635E-4,-0.02107385192474,7.24181403507153,0.12191,1.5E-4,0.05394,1.1E-4,0.06798,1.1E-4,0.11914,7.0E-5,0.16495,1.2E-4,0.17686,2.7E-4,0.16762,6.4E-4,0.14299,5.5E-4,0.14231,2.3E-4,0.16971,2.8E-4,53.5
HIP104045,7665.589983449783,45.5610617197493,6.38695112174374E-4,-0.0116165883397272,7.25169086326999,0.11778,1.5E-4,0.05072,1.0E-4,0.06706,1.1E-4,0.11915,7.0E-5,0.16646,1.2E-4,0.17829,2.7E-4,0.16798,6.4E-4,0.14495,5.6E-4,0.14237,2.3E-4,0.17093,2.8E-4,51.5
